old:
 [[1. 8. 4. ... 9. 5. 3.]
 [5. 7. 3. ... 4. 9. 6.]
 [1. 3. 7. ... 3. 7. 4.]
 ...
 [1. 7. 5. ... 1. 3. 0.]
 [7. 1. 0. ... 9. 1. 1.]
 [0. 6. 0. ... 6. 7. 0.]]
solved:
 [[  1.           8.           4.         ...   9.           5.
    3.        ]
 [ -0.           1.           0.51515152 ...   1.24242424   0.48484848
    0.27272727]
 [  0.           0.           1.         ...   0.03804348   0.79347826
    0.42391304]
 ...
 [  0.           0.           0.         ... -19.21657904   9.12838226
   -5.94449838]
 [ -0.          -0.          -0.         ...   1.          -0.79948099
    0.18335433]
 [ -0.          -0.          -0.         ...  -0.           1.
    0.32561368]]
