97 96 95 94 93 92 90 89 88 87 86 85 84 83 82 81 80 79 78 76 75 74 73 72 71 70 69 68 67 66 65 64 63 62 60 59 58 57 56 54 53 52 51 50 49 48 47 46 45 44 43 42 39 37 36 35 33 32 31 30 29 28 27 26 25 24 23 22 21 19 18 16 15 14 12 11 10 8 6 5 4 3 
97 96 95 94 93 92 91 90 89 87 86 85 84 83 82 81 80 79 78 77 76 75 73 72 71 70 69 68 67 66 65 64 63 62 61 60 59 58 56 55 54 52 51 50 49 48 47 45 44 43 42 41 40 39 38 36 35 33 32 31 30 29 28 27 26 24 23 22 21 20 19 17 16 14 13 11 10 8 7 5 4 
95 93 92 91 90 89 88 87 86 85 84 83 82 81 80 79 77 76 75 74 73 72 71 70 69 68 67 66 65 64 63 61 60 59 58 57 56 55 54 53 52 51 50 49 46 45 44 43 42 41 40 39 36 35 34 31 30 29 28 27 26 23 22 20 18 15 14 13 12 9 7 3 
96 95 94 93 91 90 89 88 87 86 85 84 83 82 81 80 79 78 77 76 75 74 73 72 71 70 69 67 66 65 64 63 62 61 60 59 58 55 54 53 52 49 48 47 46 45 44 42 41 40 39 38 37 36 35 30 28 27 25 24 23 22 21 20 18 16 15 14 13 12 11 9 8 6 5 
97 96 94 93 92 91 90 89 88 87 86 85 84 83 81 80 79 78 77 76 75 74 73 72 70 69 68 67 66 65 64 63 62 61 60 59 58 57 56 55 54 53 52 51 50 49 48 47 46 45 43 42 41 40 39 38 36 35 34 33 32 31 30 29 23 21 20 19 17 16 15 13 11 10 9 8 7 5 4 3 
97 96 94 93 92 91 90 89 88 87 85 84 83 82 81 80 79 78 77 76 75 74 73 72 71 70 68 67 66 65 64 63 62 61 60 59 56 55 54 53 52 50 49 48 47 46 44 43 42 41 38 37 36 35 34 33 32 30 29 27 25 24 22 21 19 18 17 16 15 14 12 11 10 9 7 6 5 
97 95 93 92 91 90 89 88 87 85 84 83 82 81 80 79 78 77 76 75 74 73 72 71 70 69 68 67 65 64 63 62 61 60 59 58 57 56 55 54 53 52 50 48 47 46 45 44 43 42 41 40 39 38 37 36 35 34 33 30 28 27 26 25 24 23 22 21 20 17 16 15 12 11 10 9 8 6 5 4 3 
97 96 93 92 91 90 88 87 86 85 84 83 82 81 80 79 78 77 76 75 74 72 71 70 69 68 67 66 65 64 63 62 61 60 59 57 56 55 53 52 51 50 49 46 45 44 43 42 41 40 39 38 37 36 35 34 33 32 30 29 28 27 25 24 23 22 21 20 19 17 16 15 14 12 9 7 6 4 3 2 
97 96 95 94 93 92 91 90 89 88 87 86 84 83 82 81 80 79 78 77 76 74 73 72 71 70 69 68 67 66 65 64 63 60 59 58 57 56 55 54 53 52 51 49 48 47 45 44 43 42 41 40 39 36 32 31 30 29 28 27 26 25 23 20 19 17 12 10 9 8 6 4 3 2 
96 95 93 92 91 90 89 88 87 86 85 84 83 82 80 79 77 76 75 74 73 72 71 70 69 68 67 66 65 64 63 62 61 60 59 58 57 56 55 53 52 51 50 49 46 45 44 41 40 39 37 36 35 34 33 32 31 30 28 27 25 24 23 22 21 20 19 18 17 14 12 11 10 9 8 7 6 3 2 
97 95 94 93 92 91 90 88 87 86 85 84 83 82 81 80 78 77 76 75 74 73 72 71 70 69 68 67 66 65 64 63 62 61 60 59 58 56 55 54 51 50 49 48 47 46 45 44 43 42 41 38 37 36 35 33 32 31 30 29 28 27 26 25 23 22 21 20 19 17 15 14 12 11 9 8 7 6 5 4 3 
97 96 95 94 93 92 91 90 88 87 86 85 84 83 82 80 79 78 77 76 75 74 73 72 71 70 69 68 67 66 65 64 62 61 60 59 58 57 56 55 54 53 52 51 49 47 46 45 44 43 41 40 39 38 37 36 35 34 32 31 28 27 26 25 24 22 20 19 17 16 15 13 12 11 10 9 8 7 
96 95 94 93 91 90 89 88 87 86 85 84 83 81 80 79 78 77 76 75 74 73 72 71 69 67 65 64 63 60 59 58 57 56 55 54 53 52 51 50 49 46 44 43 42 41 39 37 36 35 34 33 32 31 30 29 28 27 26 25 24 22 21 20 19 18 17 15 14 13 12 11 9 7 5 4 3 
97 96 95 93 92 91 90 89 88 87 86 85 84 83 82 81 80 79 78 77 76 73 72 71 70 69 68 67 66 65 64 63 62 61 60 59 58 57 56 55 54 53 52 51 50 47 46 44 43 41 40 39 38 37 36 35 34 33 32 30 27 26 25 24 23 22 21 20 19 18 17 16 15 14 13 12 11 9 8 5 
96 95 94 93 92 90 89 88 87 86 85 84 83 81 80 79 78 77 76 75 73 72 71 70 69 68 67 66 65 64 63 62 61 60 59 58 56 55 54 53 52 51 50 49 47 46 45 44 42 41 39 38 36 35 34 32 31 30 29 28 26 25 24 22 21 19 18 17 14 13 8 6 3 2 
95 94 93 92 91 90 89 88 87 86 85 84 83 82 81 80 78 77 76 75 74 73 72 71 70 69 68 67 66 64 63 62 61 60 59 58 57 54 53 52 51 50 49 48 46 44 42 41 40 39 38 37 35 34 33 31 30 29 28 27 26 25 24 23 22 21 20 19 18 16 15 14 12 11 9 8 5 3 
97 96 93 92 91 90 89 88 87 86 84 83 82 81 80 79 78 77 76 74 73 72 71 70 69 68 67 66 65 63 62 61 60 59 57 54 53 52 51 50 49 48 46 44 43 42 40 39 38 37 36 34 33 32 31 28 27 26 25 24 23 22 18 15 14 13 12 11 10 9 8 7 4 3 2 
96 95 93 92 91 90 89 88 87 86 84 83 81 80 79 78 77 76 75 74 73 72 71 70 68 67 65 63 61 60 59 58 57 56 55 54 52 51 50 49 47 46 45 44 42 40 38 37 35 34 33 32 31 30 29 28 25 23 22 21 20 19 17 16 15 12 8 7 6 4 3 
97 96 95 94 93 92 91 90 89 88 86 85 84 83 82 81 80 79 78 77 76 75 74 72 71 70 69 68 67 66 64 63 62 59 58 57 55 54 53 51 50 49 48 47 46 45 44 43 42 41 39 38 36 35 34 33 32 30 29 28 27 26 25 22 21 20 19 18 17 15 14 13 9 8 7 5 3 
97 96 95 94 92 91 90 89 88 87 86 85 84 83 82 81 80 79 78 76 75 74 73 72 71 70 68 67 66 65 64 63 62 61 59 58 57 56 55 54 53 52 50 47 46 45 44 42 41 40 39 37 36 35 33 32 31 29 28 25 24 23 22 21 20 19 17 16 14 13 11 9 7 6 5 4 
97 93 92 91 90 89 87 86 85 84 83 82 81 80 79 78 77 75 74 73 72 71 69 68 67 65 64 63 62 61 60 59 58 57 56 55 54 53 50 47 46 45 44 43 42 40 39 38 37 36 35 34 33 32 31 30 28 27 26 25 24 23 20 19 18 17 16 15 14 12 11 10 8 6 5 4 
97 95 94 93 92 91 90 87 86 85 84 83 82 81 80 78 76 75 74 73 72 71 70 69 68 67 66 65 64 62 61 60 59 58 57 55 54 53 52 51 49 48 47 46 45 43 42 41 40 39 38 37 36 35 34 33 32 31 30 28 27 26 23 22 21 20 18 17 16 15 14 13 12 11 8 6 2 
97 94 93 92 91 90 89 88 87 86 85 84 83 82 81 79 78 77 76 75 74 73 72 71 69 68 67 66 65 64 63 62 61 60 58 57 55 54 53 52 50 49 48 46 45 44 42 41 40 39 38 37 36 35 34 33 32 31 30 29 27 25 24 23 22 21 18 17 16 14 13 12 11 9 8 7 6 5 2 
96 95 94 93 92 91 90 88 87 86 85 83 82 81 80 79 78 77 76 75 74 73 72 71 70 69 68 67 66 65 64 63 61 59 58 57 56 55 54 53 52 51 50 49 48 47 46 45 44 43 42 41 40 38 37 36 35 34 33 30 29 28 27 26 25 24 23 21 20 19 17 16 15 14 12 11 10 9 8 6 4 3 
96 95 94 93 92 90 89 88 87 86 85 83 82 81 80 79 78 77 76 75 74 73 72 71 70 69 68 66 65 63 62 61 60 59 58 56 55 54 53 51 50 49 48 46 43 42 41 39 38 34 33 32 31 30 29 28 27 26 25 24 23 22 21 20 18 16 15 14 13 12 10 9 8 7 6 5 4 2 
97 95 94 93 92 91 90 89 88 86 84 83 82 80 79 78 77 76 75 74 72 71 70 69 68 67 66 65 64 63 62 61 60 59 58 57 56 55 53 50 49 48 47 46 45 44 43 42 41 40 39 38 35 34 33 32 31 30 29 28 27 26 25 23 22 21 20 19 17 16 14 12 10 9 7 5 2 
96 95 94 92 91 90 89 88 87 85 84 83 82 81 80 79 78 77 76 75 74 72 71 70 69 68 67 65 64 63 62 61 59 58 57 55 54 53 52 51 48 47 46 44 43 42 41 40 39 38 36 35 34 32 31 30 29 28 27 26 25 23 22 21 20 17 15 14 12 9 8 7 6 5 4 3 
97 96 95 94 93 92 91 90 88 87 84 83 82 81 80 79 78 77 76 75 74 72 71 70 69 68 67 65 64 63 62 61 60 59 58 57 56 55 54 53 52 50 49 48 47 46 45 44 42 41 40 38 37 36 35 34 33 30 29 28 26 24 23 21 20 19 18 17 16 15 14 12 11 10 8 6 5 4 3 
95 94 92 91 90 89 88 87 86 85 84 83 82 81 80 78 76 75 74 73 72 71 70 69 68 67 65 64 63 60 59 58 57 56 55 54 53 51 50 49 47 46 45 43 42 41 40 39 38 37 36 35 34 33 32 30 29 27 25 24 19 18 17 16 15 14 12 11 9 8 7 4 2 
96 95 93 92 91 90 89 87 86 85 84 83 82 81 80 78 77 76 75 74 73 72 71 70 69 68 67 66 65 64 63 60 59 57 56 55 54 52 51 50 48 47 45 43 42 41 40 38 36 35 34 33 31 30 28 27 25 23 22 21 20 18 17 16 15 14 13 12 11 10 9 8 7 6 5 3 2 
97 96 94 93 92 91 90 89 88 87 86 85 84 83 82 81 80 79 78 77 76 75 73 72 71 70 69 67 66 64 63 61 60 58 57 56 55 53 52 51 50 49 48 47 46 45 43 41 40 39 38 37 36 34 32 31 30 29 28 27 26 25 24 23 22 21 19 18 16 15 14 13 12 11 10 9 8 6 3 2 
97 95 94 93 92 91 90 88 87 86 85 84 83 82 80 79 78 77 76 75 74 73 72 71 70 69 68 64 63 61 60 59 57 56 55 54 53 51 50 49 48 47 46 45 44 43 42 41 40 38 36 35 34 33 32 31 30 28 27 26 25 24 21 20 19 18 17 15 14 12 11 10 9 7 6 5 4 3 2 
97 95 94 93 92 89 87 86 85 84 83 82 81 80 79 78 77 75 74 73 72 71 70 69 68 67 66 64 63 62 61 60 59 58 57 56 55 54 53 51 50 49 48 47 46 45 43 42 41 37 36 35 34 33 32 31 30 29 28 27 26 24 23 22 21 20 19 18 17 16 14 12 11 10 9 8 4 3 2 
97 95 94 93 92 91 90 89 88 87 86 85 84 83 82 80 79 78 76 75 74 73 72 71 70 69 68 67 66 65 64 62 61 60 59 57 56 54 53 52 51 49 47 46 45 44 43 42 41 40 39 38 37 36 35 34 33 32 31 30 29 28 27 24 23 22 21 19 18 17 16 15 14 13 11 10 7 6 5 4 2 
96 95 94 93 92 91 90 89 88 87 86 85 84 83 82 80 79 78 77 76 75 74 73 71 70 69 68 67 66 64 62 61 60 59 58 57 56 55 54 53 52 51 50 49 47 45 44 43 42 41 40 39 37 36 33 32 31 30 29 25 24 23 22 20 19 18 17 13 12 11 10 9 8 7 6 5 3 
96 95 94 93 91 90 89 87 86 85 84 83 82 81 80 79 78 77 76 75 74 73 72 70 69 68 67 66 65 64 63 61 60 59 58 57 56 55 53 51 50 49 47 46 45 44 43 42 39 38 37 36 35 34 33 32 31 30 29 26 25 23 22 21 20 19 18 17 16 13 12 7 6 5 4 
97 95 94 93 92 91 90 89 88 86 85 84 83 82 81 79 78 77 76 74 72 71 70 69 68 66 65 64 63 62 61 60 59 57 56 55 54 53 52 51 50 49 48 47 44 43 42 40 39 38 37 36 35 34 32 31 30 29 28 27 26 25 24 22 20 18 17 16 15 14 13 11 10 8 7 6 5 4 3 
96 94 93 92 91 90 89 88 86 85 83 82 81 80 79 78 77 76 72 71 70 68 67 66 65 64 63 62 61 60 59 56 55 52 51 50 49 48 47 46 45 44 43 42 39 38 37 36 35 34 33 32 30 29 28 27 25 24 23 22 21 19 17 16 15 14 13 12 10 8 7 4 3 2 
96 95 94 93 92 91 90 89 88 87 86 85 84 83 82 80 79 78 77 76 75 74 73 71 70 69 68 67 66 65 63 62 61 59 58 57 56 55 54 53 52 51 50 48 47 45 43 42 40 39 38 37 36 35 34 33 32 31 30 29 28 27 25 24 23 22 20 19 18 17 16 15 14 13 12 11 10 8 7 6 5 3 
97 96 94 92 91 90 89 88 87 86 85 84 83 82 81 80 79 78 77 75 74 73 72 71 69 68 67 66 65 64 63 61 60 59 58 55 54 53 51 49 48 47 46 44 43 42 41 39 38 37 36 34 33 32 31 30 29 26 24 22 21 19 18 16 15 13 12 11 10 9 8 6 5 4 2 
97 96 95 93 92 91 89 88 87 86 85 84 83 82 81 79 78 77 76 74 73 72 70 69 68 67 66 64 63 62 61 60 58 57 56 55 54 53 52 51 50 49 48 47 45 44 43 42 41 40 39 38 37 36 35 34 33 32 31 29 28 27 26 23 22 21 20 19 17 15 13 11 10 9 6 4 3 
97 96 95 94 93 92 90 89 87 86 84 83 82 81 80 79 78 77 76 75 73 72 71 70 69 68 67 66 65 64 63 62 61 59 58 57 56 55 53 52 51 50 48 47 46 44 43 41 40 39 38 37 36 35 34 33 31 29 27 26 25 24 23 22 21 19 18 17 16 14 13 12 11 9 7 5 4 3 
94 93 91 90 89 88 87 86 84 83 82 81 80 79 78 77 76 74 73 72 71 70 69 68 67 66 65 64 63 62 61 60 59 58 56 54 53 52 51 50 48 46 45 44 43 42 41 39 38 36 34 33 31 30 29 28 27 26 25 21 20 18 17 16 15 14 11 9 8 7 5 4 3 
97 96 95 94 93 92 91 90 89 88 87 86 84 83 82 81 80 79 78 77 76 74 72 71 70 68 67 65 64 62 60 59 58 57 53 51 50 48 47 46 45 42 41 40 39 38 36 34 33 31 30 28 27 26 25 24 23 22 21 20 19 18 17 16 15 14 13 11 10 9 8 7 6 5 4 3 2 
97 96 95 93 92 91 90 89 88 87 84 83 82 81 80 79 77 76 75 74 73 72 71 70 69 68 67 66 65 64 63 62 61 60 59 58 57 56 55 54 53 52 51 50 49 48 47 46 45 44 43 42 41 40 39 38 36 35 34 33 32 31 30 29 28 27 26 25 24 21 20 18 17 16 14 12 10 9 8 7 6 
96 94 93 92 90 89 88 87 86 84 83 82 81 80 79 78 77 76 75 73 72 71 70 69 68 67 66 65 63 62 61 60 59 58 57 56 54 52 51 50 49 48 47 46 44 43 42 41 40 39 38 37 36 35 34 32 31 30 29 28 26 25 23 22 21 20 19 18 17 16 15 14 12 10 7 5 4 
97 95 93 91 90 89 88 87 86 84 83 82 81 80 79 78 77 76 75 74 72 71 70 69 68 67 66 65 64 62 61 59 57 56 54 53 46 44 43 42 41 40 37 36 35 34 33 32 31 29 28 27 26 24 23 22 21 20 19 18 17 16 13 12 11 10 9 8 6 5 3 2 
97 96 95 94 93 92 91 90 88 87 85 84 83 82 81 80 79 76 75 73 72 71 70 69 68 67 66 65 64 63 62 61 60 59 58 57 55 54 53 52 51 50 49 48 47 46 45 42 41 40 39 35 33 31 30 29 28 27 26 25 22 20 19 16 15 14 13 11 10 8 7 4 
97 96 95 94 93 92 91 90 89 88 86 85 84 83 81 80 79 78 77 76 75 74 73 72 71 70 69 68 65 63 62 61 60 57 56 55 54 53 52 51 49 48 45 44 43 42 41 40 39 38 37 36 34 32 30 29 28 27 26 25 23 21 20 18 17 13 12 11 10 7 6 4 2 
97 96 95 94 93 92 91 90 89 88 87 86 85 84 82 81 80 79 78 77 76 75 74 73 71 69 67 65 64 63 62 60 59 58 56 55 54 53 52 50 49 48 47 41 40 39 38 37 36 35 33 32 31 30 29 28 27 26 25 24 22 21 20 19 18 17 16 15 13 12 11 10 9 8 7 6 3 
97 96 95 94 93 92 91 89 88 87 86 85 84 82 81 80 79 78 77 76 75 74 73 72 71 70 69 68 67 66 65 64 63 62 61 60 58 57 56 55 54 53 50 49 47 45 44 43 41 40 39 38 37 36 35 34 33 31 30 29 28 27 26 24 23 20 19 18 17 16 13 11 10 9 7 6 5 3 2 
97 95 94 93 92 90 89 88 87 86 85 84 83 82 81 80 79 78 77 76 75 74 73 72 71 69 68 67 66 65 63 62 61 60 59 57 56 55 54 52 51 50 49 48 46 44 43 42 40 39 38 37 36 34 33 32 31 30 29 28 27 26 25 24 22 21 20 19 18 15 14 13 12 11 10 8 7 5 3 2 
96 95 94 91 90 89 88 87 86 85 84 83 82 81 80 79 78 77 74 73 71 70 69 68 67 66 65 64 62 61 60 59 58 57 56 54 53 52 51 50 49 45 44 43 41 40 39 38 37 36 35 34 32 30 29 27 26 23 22 21 20 19 17 16 15 14 13 12 11 10 9 8 6 4 3 2 
95 94 92 91 90 89 88 87 86 85 84 83 82 80 79 78 77 75 74 73 70 69 68 67 66 65 64 63 62 61 60 59 58 57 56 55 54 53 52 51 50 49 47 46 45 44 43 42 41 40 39 38 37 33 32 31 30 29 28 27 26 25 23 21 20 19 18 16 15 13 11 10 9 7 6 5 2 
97 95 94 93 92 91 90 89 88 87 86 85 84 83 81 80 79 78 77 75 73 72 70 69 68 67 66 65 64 63 62 61 60 59 58 57 55 54 52 51 49 48 46 45 44 43 42 40 39 38 37 36 34 32 31 28 27 26 24 22 20 19 17 16 14 13 12 11 10 9 8 7 6 5 4 2 
97 96 95 94 93 92 91 89 88 87 86 85 83 82 81 80 79 78 77 76 75 74 73 71 69 68 67 66 65 63 62 61 60 59 58 57 56 55 54 53 52 51 50 49 48 47 46 45 44 43 40 39 38 37 36 35 34 33 31 30 28 27 25 24 23 22 21 19 18 17 16 15 14 11 10 7 6 5 2 
97 96 94 93 92 91 90 89 88 87 86 84 83 82 81 80 79 78 77 76 75 73 72 70 69 68 67 66 65 64 63 62 61 60 59 58 57 56 55 54 53 52 51 48 47 46 45 44 43 42 41 40 39 37 36 35 34 33 32 31 30 29 28 27 26 23 21 20 19 17 15 13 12 7 6 4 3 2 
96 94 93 92 91 89 88 87 86 85 84 83 82 81 79 78 77 76 74 73 72 71 70 69 68 67 65 64 63 62 61 60 58 57 56 55 54 53 52 50 49 48 47 46 45 44 43 42 38 37 36 35 34 33 32 31 30 29 28 27 26 25 22 21 20 19 18 16 14 13 12 10 9 8 7 6 5 4 
97 96 95 94 93 92 89 88 87 86 85 84 82 81 80 79 78 77 76 75 74 73 72 71 70 69 68 67 66 65 64 63 62 61 60 59 58 57 52 50 49 48 47 46 45 44 43 42 41 40 39 38 37 36 34 33 32 31 30 29 28 27 26 25 24 22 21 19 18 16 15 14 11 10 8 7 6 5 4 3 2 
96 95 94 93 92 91 90 89 86 85 84 83 82 81 80 79 78 76 75 74 73 72 71 69 68 66 64 63 61 60 59 57 56 54 51 50 49 47 45 44 43 42 41 40 39 38 37 36 35 32 29 28 27 25 24 22 21 20 19 17 15 14 13 12 11 10 9 8 5 2 
95 94 93 92 90 89 88 87 86 85 84 83 82 81 80 78 77 76 75 74 73 72 71 70 69 68 67 66 65 64 63 62 60 59 58 57 56 55 54 53 49 48 46 45 44 43 42 41 40 39 38 37 36 35 34 33 32 31 30 29 28 26 24 23 22 21 20 18 17 15 13 12 11 10 8 7 4 3 2 
97 96 95 94 93 92 91 89 88 87 86 85 84 83 82 81 80 79 78 77 75 74 73 72 71 69 68 67 66 65 64 63 62 61 60 59 58 57 56 55 54 53 52 51 50 49 47 45 43 42 41 40 39 38 37 36 34 33 32 31 30 29 28 27 25 24 23 22 20 19 18 17 16 15 14 12 11 10 9 8 7 5 4 3 
97 96 95 94 93 92 90 88 86 85 84 83 82 80 79 78 77 76 75 74 72 71 70 69 68 65 64 63 62 61 60 57 56 54 53 52 51 49 48 47 46 45 44 43 42 41 39 38 37 36 35 33 31 30 29 28 27 26 24 23 22 21 19 17 16 15 14 13 12 11 8 7 6 4 3 2 
97 95 94 93 92 91 90 89 88 86 85 84 82 81 80 79 78 77 76 75 74 73 71 70 69 68 67 66 65 64 62 61 60 58 57 56 55 54 53 52 50 49 47 44 41 40 39 38 37 35 34 33 32 31 29 27 26 25 23 21 20 18 16 15 14 12 10 9 8 6 5 4 2 
97 95 94 93 92 91 90 88 87 86 85 84 83 82 81 80 79 77 76 75 74 73 71 70 69 68 67 65 64 63 61 60 59 58 57 56 55 54 53 52 51 50 49 48 47 46 45 44 43 42 41 40 39 38 37 36 34 33 32 31 26 24 23 22 21 19 18 17 16 15 14 13 11 9 5 4 
95 94 93 92 91 89 88 87 86 85 84 83 82 81 80 79 78 77 75 74 73 72 71 70 69 67 66 65 64 63 62 61 58 56 55 54 53 52 51 50 49 48 47 46 45 44 43 41 40 39 38 37 35 34 33 32 31 30 29 28 26 25 24 23 22 21 19 18 17 16 15 14 12 11 10 9 8 7 6 4 2 
97 95 94 93 92 91 90 89 87 86 85 84 83 82 81 80 79 78 77 76 75 74 71 70 69 68 67 65 64 63 62 61 60 58 57 56 54 53 51 49 48 47 45 44 43 42 41 40 39 38 37 36 35 34 33 30 28 27 26 25 24 23 22 21 19 17 16 15 14 13 12 11 10 9 8 6 5 4 
96 94 93 92 91 90 88 87 86 85 84 83 82 81 80 79 78 77 76 75 74 73 72 69 68 67 66 65 64 63 61 60 58 57 56 55 54 53 52 51 50 48 47 46 45 44 43 42 41 40 39 38 37 35 34 33 32 31 30 29 27 24 23 22 21 19 18 17 16 15 13 10 8 7 6 5 4 3 2 
96 93 92 90 89 88 86 85 84 83 82 81 80 79 78 77 76 75 74 73 72 71 69 68 67 64 63 62 61 60 59 58 57 56 55 54 52 51 50 49 48 47 44 43 42 41 40 39 38 36 34 33 32 31 30 29 28 27 26 25 23 22 21 20 18 17 15 14 12 11 10 9 6 4 3 2 
95 94 93 92 91 90 89 88 87 86 85 83 82 81 80 79 78 76 75 74 73 72 71 70 69 68 67 66 65 64 63 62 61 60 59 57 56 55 54 53 52 51 49 48 47 44 43 42 41 40 39 38 37 36 35 33 32 31 30 29 28 25 24 23 22 21 20 19 18 17 16 15 14 12 11 10 8 5 3 2 
96 95 94 91 90 89 88 87 86 85 84 83 82 81 78 77 76 75 74 73 72 71 70 69 68 67 66 64 63 62 61 60 58 57 56 55 54 53 52 51 50 49 48 46 44 43 42 40 39 38 37 34 33 32 31 30 29 27 26 24 23 22 20 19 18 17 16 14 13 12 10 9 7 6 5 4 3 2 
96 95 94 93 92 91 90 89 88 87 85 84 83 82 81 80 79 77 76 75 74 73 72 71 70 69 68 67 66 65 64 63 62 61 60 59 58 57 56 55 54 52 51 50 48 47 45 44 43 42 41 39 38 37 36 35 34 33 32 30 29 27 26 25 24 21 19 18 17 15 14 12 11 10 9 6 2 
97 96 95 94 93 92 91 90 89 88 87 86 85 84 83 82 81 80 78 77 76 75 74 73 71 70 69 68 67 66 64 62 61 60 59 58 57 56 54 53 52 51 50 48 44 43 42 41 40 38 37 36 35 34 33 32 31 30 29 28 27 25 24 22 20 19 18 17 16 15 14 13 11 10 9 8 7 5 4 3 
97 96 95 94 93 92 91 90 89 88 87 86 85 84 83 82 81 79 78 77 76 74 73 72 71 70 69 68 67 66 65 64 63 62 61 59 58 57 56 55 54 53 52 51 50 49 48 47 46 45 44 43 42 41 39 38 37 36 34 33 32 30 29 28 26 25 24 23 20 19 18 17 16 15 14 13 12 11 10 9 6 5 3 2 
96 95 94 93 92 91 90 89 88 87 86 85 84 82 81 80 79 78 77 76 75 74 72 71 70 69 68 67 66 65 64 63 61 60 59 58 57 56 55 54 53 52 51 50 49 48 46 44 43 42 41 40 39 38 37 36 35 34 33 32 31 30 29 28 27 25 24 23 22 18 17 14 13 12 11 10 9 8 6 4 
95 94 92 91 90 89 88 87 86 85 84 83 82 81 79 78 77 76 75 74 73 72 70 69 68 67 66 65 64 63 62 61 59 57 56 55 54 53 52 51 50 49 47 46 44 43 42 40 39 37 36 35 34 33 32 31 30 29 28 26 25 24 22 21 20 19 18 17 16 15 12 10 9 8 5 4 
97 95 94 93 92 91 90 88 87 86 85 84 83 82 81 80 79 78 77 76 75 74 72 71 70 68 67 66 65 64 63 62 61 60 59 58 57 55 54 53 52 51 49 48 47 46 45 43 42 39 38 37 36 35 34 32 31 30 29 28 27 26 25 24 23 21 20 18 16 15 14 13 12 10 8 7 6 5 4 2 
97 96 94 93 92 91 90 89 87 86 85 84 83 82 81 79 78 77 76 75 74 73 72 71 70 69 68 67 66 65 64 63 62 61 60 58 57 55 54 53 52 50 48 47 46 45 44 43 41 40 39 38 37 36 35 34 33 32 31 30 29 28 25 24 23 22 20 18 17 16 15 14 13 11 10 9 8 7 6 5 3 2 
96 95 94 93 92 91 89 88 87 85 84 83 81 80 79 78 77 76 75 74 73 72 70 69 68 67 66 65 64 63 62 61 60 59 58 57 56 55 53 52 51 50 49 48 47 46 45 43 42 41 40 39 38 37 36 35 34 33 32 31 28 26 25 24 23 22 21 20 19 17 16 15 13 11 10 8 7 6 5 4 3 
97 96 95 94 93 92 91 90 88 87 86 85 84 83 82 81 80 79 78 77 75 74 73 72 71 70 69 68 67 66 65 64 63 62 60 59 58 57 56 54 53 52 51 50 47 46 45 44 43 42 41 39 38 37 34 33 32 31 29 28 27 26 25 23 22 20 19 18 16 15 14 13 12 11 9 8 7 5 3 
97 95 94 93 92 91 90 89 88 87 85 84 83 82 81 79 78 77 76 75 73 72 71 70 69 68 67 66 65 64 63 61 60 59 58 56 55 53 52 51 50 49 48 47 46 45 44 43 42 41 40 39 38 37 36 35 34 32 31 29 28 27 26 25 24 22 21 20 17 16 14 12 8 7 5 4 3 
96 95 94 93 92 91 90 89 88 86 85 84 83 82 81 80 79 78 76 75 74 73 72 71 70 69 68 67 66 65 64 63 62 61 60 59 58 57 56 55 54 53 52 50 49 48 47 46 45 44 42 41 40 37 36 35 33 32 31 30 29 28 27 25 24 22 21 20 19 18 17 16 15 13 12 11 10 9 8 7 6 5 4 2 
97 95 94 93 92 89 88 86 85 84 83 82 81 80 79 78 77 76 75 73 72 71 70 69 68 67 66 65 64 63 62 61 60 59 58 57 54 53 52 51 50 49 48 47 46 45 44 43 42 41 39 38 37 36 35 34 32 31 30 29 28 27 26 25 24 22 21 20 19 18 17 16 15 14 13 12 11 9 8 7 6 
97 95 94 93 92 91 90 89 88 86 85 84 83 82 81 80 79 78 77 76 75 74 73 72 71 70 69 68 67 66 65 63 61 60 59 58 56 54 53 52 51 49 48 47 46 45 44 43 42 41 40 39 38 37 36 35 33 32 31 29 28 26 25 24 20 19 18 17 16 14 12 11 8 7 6 5 4 
96 95 94 93 91 90 89 88 87 86 85 84 83 82 81 80 79 77 76 74 73 72 71 70 69 68 67 66 65 64 63 62 61 60 59 58 57 56 55 54 53 51 50 49 47 46 45 44 43 42 41 40 39 38 37 36 35 34 33 30 28 27 26 25 24 23 22 20 18 16 15 13 12 11 10 7 6 3 
95 94 93 91 90 89 88 87 86 85 84 82 81 80 79 78 77 76 75 74 72 71 70 69 68 67 66 65 64 63 62 61 60 59 58 57 56 55 54 53 52 51 50 49 46 45 44 43 41 40 38 36 34 33 32 31 30 29 28 26 25 23 22 20 19 18 17 16 15 13 12 11 10 7 6 5 4 2 
97 95 94 93 92 90 89 88 87 86 85 84 83 82 80 79 78 77 76 75 74 73 72 71 70 69 68 67 66 65 62 61 60 59 58 57 56 55 54 53 52 51 49 48 46 45 44 43 42 41 40 38 37 36 35 33 31 30 28 27 26 25 23 22 21 20 19 18 17 16 15 14 13 12 10 9 7 4 3 
97 96 95 94 93 91 90 89 88 87 86 85 84 83 82 81 80 79 78 77 76 75 74 73 72 71 70 68 67 66 65 64 63 62 61 60 59 58 57 56 55 54 53 51 50 49 48 47 46 45 43 42 41 40 39 38 37 36 35 34 32 28 27 25 24 23 22 20 19 18 15 14 13 12 11 10 8 4 
97 96 95 94 93 92 90 89 88 87 86 85 84 83 81 80 79 78 77 76 75 74 73 72 71 70 69 68 67 66 65 64 63 62 61 60 59 58 57 56 55 54 53 52 51 50 49 48 47 45 44 43 42 41 38 36 34 33 32 31 30 29 27 26 25 24 23 20 18 17 16 15 14 13 12 9 8 7 5 4 3 
97 96 95 94 93 92 91 90 89 88 87 86 85 84 82 81 80 79 78 76 75 74 73 72 71 70 69 68 67 66 65 63 62 61 60 59 58 56 55 54 52 51 49 48 47 46 45 44 43 42 41 40 39 38 36 35 31 30 29 28 26 24 23 22 21 20 19 16 15 14 12 11 10 9 8 7 6 3 2 
96 95 94 93 92 91 90 89 88 87 86 85 84 83 82 81 79 78 77 76 75 74 73 72 71 70 69 68 66 65 64 63 62 61 60 59 58 57 56 55 53 52 50 49 48 47 45 44 43 42 41 40 39 36 35 34 33 32 31 30 29 27 26 25 22 20 19 18 17 16 15 14 13 12 9 8 6 5 4 3 2 
94 93 92 91 90 88 87 86 85 84 83 82 81 80 79 78 76 75 74 73 72 71 70 69 68 67 66 65 64 63 62 61 60 59 58 57 56 55 54 53 52 50 49 48 47 46 45 44 42 41 39 38 37 36 35 34 31 30 29 28 27 26 24 23 22 20 19 18 16 14 13 10 9 8 7 6 5 4 2 
97 96 95 94 93 92 91 90 89 88 87 86 85 84 83 81 80 79 78 77 76 75 74 73 72 71 70 69 68 67 66 65 64 63 62 61 60 59 58 57 56 55 54 52 50 48 47 46 45 44 43 42 41 40 39 38 37 36 35 34 33 32 30 28 27 26 25 24 23 21 20 19 18 17 15 13 12 11 10 9 7 6 5 3 2 
97 96 94 93 92 91 90 89 88 87 86 85 84 83 81 80 79 78 77 76 75 74 73 72 71 70 69 67 66 64 62 60 59 57 56 55 54 53 52 51 49 48 47 46 45 44 43 42 41 40 38 37 36 35 34 33 31 29 28 27 26 25 24 23 22 21 20 19 18 17 16 15 13 12 11 10 9 7 6 5 4 2 
97 96 95 94 92 91 90 89 88 87 86 85 84 83 82 81 80 79 78 77 76 74 73 72 71 70 69 68 67 66 65 64 63 61 60 59 58 56 54 53 52 51 50 49 48 47 46 42 41 40 39 38 36 34 32 31 30 29 28 27 26 25 24 23 21 20 19 18 17 16 13 11 9 7 5 4 
97 96 94 93 91 90 89 88 87 86 85 84 83 82 81 80 79 78 77 76 75 74 73 72 70 69 67 66 65 64 63 62 61 59 57 56 55 54 53 52 51 50 49 48 47 46 45 44 43 42 39 38 37 36 35 34 33 32 31 30 29 27 26 25 24 23 22 20 18 16 15 13 12 11 8 5 4 2 
97 96 95 94 92 91 90 89 88 87 86 85 84 82 81 80 79 78 77 76 75 74 73 72 71 70 69 67 66 64 63 62 61 60 58 57 56 55 53 52 51 50 49 48 47 46 45 44 43 42 41 39 38 37 36 33 32 30 29 28 27 26 25 24 23 22 21 20 19 16 15 12 9 7 6 4 
97 96 95 94 93 92 91 89 88 87 86 85 84 83 82 81 80 79 78 76 75 74 73 72 71 70 69 68 67 66 64 63 62 60 59 58 57 56 55 54 53 51 49 48 47 45 44 43 42 41 39 38 36 35 33 32 31 30 29 28 27 26 23 22 21 20 18 14 12 10 9 8 7 6 5 4 3 
0 0 255 0 0 0 791621423 791621423 791621423 791621423 3480 0 0 0 96 0 0 0 1 0 0 0 0 0 0 0 0 0 0 0 0 0 0 0 0 0 0 0 0 0 0 0 0 0 0 0 0 0 0 0 0 0 0 0 1435238 0 2112 0 32768 0 64 0 12 0 64 0 64 0 12 0 0 0 -1739546654 1 0 0 6 154 2 0 6 -2147483648 0 0 0 0 0 0 0 0 0 0 0 0 0 0 -1476368128 32640 13 
